Best Hyperparameters from Optuna Study
============================================================

Best Validation Accuracy: 0.5986

image_size = 224
embedding_dim = 256
batch_size = 32
learning_rate = 0.0009727620885598844
weight_decay = 0.00017682347633830915
triplet_margin = 0.6835659364927866
scheduler_gamma = 0.39529663804858883
